    120.000     0.00003 5.110260E+11 2.557000E+02
    115.000     0.00004 9.681328E+11 4.844000E+03
    110.000     0.00007 2.142688E+12 1.072000E+05
    105.000     0.00014 5.029784E+12 1.006600E+06
    100.000     0.00032 1.187967E+13 4.756001E+06
     95.000     0.00076 2.921760E+13 2.046800E+07
     90.000     0.00184 7.130506E+13 4.995200E+07
     85.000     0.00446 1.710073E+14 8.555000E+07
     80.000     0.01050 3.829322E+14 1.149600E+08
     75.000     0.02400 8.341139E+14 2.086750E+08
     70.000     0.05220 1.721670E+15 5.169000E+08
     65.000     0.10900 3.383947E+15 2.370200E+09
     60.000     0.21900 6.421832E+15 7.068600E+09
     55.000     0.42500 1.180302E+16 2.125800E+10
     50.000     0.79780 2.134605E+16 6.621600E+10
     47.500     1.09000 2.917498E+16 1.197200E+11
     45.000     1.49100 4.087489E+16 2.147250E+11
     42.500     2.06000 5.798815E+16 3.597860E+11
     40.000     2.87100 8.304447E+16 6.066300E+11
     37.500     4.04116 1.202393E+17 9.656401E+11
     35.000     5.74600 1.759731E+17 1.380096E+12
     32.500     8.25725 2.605019E+17 1.860945E+12
     30.000    11.97000 3.827699E+17 2.509799E+12
     27.500    17.43000 5.635873E+17 3.272892E+12
     25.000    25.49000 8.331283E+17 4.266877E+12
     24.000    29.72000 9.757872E+17 4.518265E+12
     23.000    34.67000 1.143492E+18 4.768192E+12
     22.000    40.47000 1.340895E+18 4.894274E+12
     21.000    47.29000 1.574064E+18 4.769100E+12
     20.000    55.29000 1.847990E+18 4.768571E+12
     19.000    64.67000 2.161503E+18 4.390890E+12
     18.000    75.65000 2.528494E+18 4.015110E+12
     17.000    88.50000 2.957987E+18 3.513520E+12
     16.000   103.50000 3.459340E+18 3.012286E+12
     15.000   121.10000 4.047595E+18 2.634525E+12
     14.000   141.70000 4.736121E+18 2.383717E+12
     13.000   165.80000 5.541629E+18 2.132992E+12
     12.000   194.00000 6.484174E+18 2.008345E+12
     11.000   227.00000 7.583652E+18 1.630876E+12
     10.000   265.00000 8.595457E+18 1.129443E+12
      9.000   308.00000 9.711841E+18 8.910379E+11
      8.000   356.50000 1.093179E+19 6.526804E+11
      7.000   411.10001 1.226845E+19 6.151052E+11
      6.000   472.20001 1.372429E+19 5.645776E+11
      5.000   540.50000 1.531006E+19 5.772576E+11
      4.000   616.59998 1.703267E+19 5.771448E+11
      3.000   701.20001 1.890105E+19 6.274337E+11
      2.000   795.00000 2.092331E+19 6.778279E+11
      1.000   898.79999 2.310936E+19 6.779402E+11
      0.000  1013.00000 2.545818E+19 6.777680E+11
